% comment to test commits 5/7/2025 @ 2:23PM
x=1
y=2025
