% comment to test commits 5/9/2025 @ 12:26PM
x=1
y=2025
