% comment to test commits 5/7/2025 @ 10:02AM
x=1
y=2025
