% comment to test commits 5/9/2025 @ 12:00PM
x=1
y=2025
